95.611443
86.883148
70.216988
20.764793
1.409955
10.800500
34.049503
43.794060
24.887844
54.268013
87.142548
58.449047
85.869934
76.213875
47.483749
76.448860
2.185125
14.191108
79.198578
25.003815
83.443710
15.619373
61.394085
52.763451
75.753044
16.031372
15.829950
59.343243
35.578476
30.072939
96.478165
39.155247
60.798973
70.796837
94.097725
80.089722
57.127594
62.907803
59.038055
7.715079
68.007446
65.581223
95.281837
15.631580
46.107365
70.467239
28.888821
72.539444
94.546341
90.524002
4.052858
46.726887
55.964844
5.288857
9.726249
38.550983
77.587204
78.246407
90.112000
61.555832
30.350658
11.832026
42.023987
62.843716
10.315256
55.830563
52.308727
23.319193
0.369274
34.653767
78.426468
28.485977
20.456556
9.244057
25.305948
50.309765
44.367809
39.127781
21.640675
30.881680
11.282693
60.316784
48.704491
8.471938
10.168768
44.642475
24.829861
76.564835
65.132599
56.175423
98.696861
16.519669
99.877922
70.308540
54.493851
94.546341
9.414961
71.208839
82.186348
63.478500
